1.599999998179555405e+00 1.164588744588742912e+02
4.199999998177190719e+00 8.087012987012977305e+01
3.099999998178191163e+00 9.925974025974014125e+01
6.899999998174735083e+00 5.069264069264063011e+01
3.199999998178100213e+00 1.721731601731599426e+02
6.099999998175462679e+00 6.144155844155835666e+01
1.599999998179555405e+00 6.146320346320337791e+01
4.999999998176463123e+00 1.076753246753245321e+02
3.199999998178100213e+00 1.042207792207790931e+02
6.099999998175462679e+00 9.528138528138515539e+01
1.599999998179555405e+00 1.391082251082249286e+02
5.399999998176099325e+00 5.292207792207785388e+01
1.599999998179555405e+00 5.405627705627697566e+01
5.399999998176099325e+00 9.858008658008645853e+01
1.599999998179555405e+00 1.123376623376621808e+02
4.399999998177008820e+00 5.877489177489169947e+01
1.599999998179555405e+00 9.109956709956696841e+01
5.699999998175826477e+00 7.061904761904753514e+01
6.399999998175189830e+00 5.074891774891767682e+01
9.099999998172734195e+00 6.590043290043281843e+01
4.799999998176645022e+00 5.702164502164494309e+01
7.699999998174007487e+00 7.223376623376613281e+01
3.199999998178100213e+00 5.668398268398260598e+01
6.399999998175189830e+00 9.962770562770549532e+01
1.599999998179555405e+00 7.132467532467522631e+01
4.799999998176645022e+00 1.058398268398266993e+02
1.599999998179555405e+00 1.405238095238093479e+02
4.399999998177008820e+00 7.370995670995661442e+01
3.199999998178100213e+00 1.058225108225106794e+02
5.899999998175644578e+00 8.571428571428560872e+01
