3.099999998178191163e+00 2.823073593073589791e+02
6.999999998174644134e+00 8.607792207792198269e+01
8.499999998173279891e+00 7.904761904761895153e+01
7.399999998174280336e+00 1.348614718614716708e+02
1.499999998179646354e+00 2.003770562770559991e+03
5.599999998175917426e+00 1.625930735930733704e+02
1.599999998179555405e+00 2.397359307359304239e+02
9.399999998172461346e+00 2.078961038961036252e+02
6.599999998175007931e+00 1.057056277056275633e+02
3.099999998178191163e+00 3.039307359307355227e+02
8.399999998173370841e+00 1.043766233766232290e+02
9.399999998172461346e+00 9.623809523809509869e+01
2.699999998178554961e+00 8.701731601731589194e+01
1.499999998179646354e+00 2.053567099567097102e+03
3.999999981806467986e-01 8.838095238095226591e+01
9.199999998172643245e+00 2.427878787878784408e+02
1.599999998179555405e+00 2.422121212121208771e+02
1.599999998179555405e+00 5.894805194805186943e+01
5.899999998175644578e+00 8.927272727272713837e+01
6.199999998175371729e+00 8.715151515151504213e+01
9.899999998172006599e+00 8.171861471861461723e+01
6.699999998174916982e+00 8.311688311688300246e+01
6.699999998174916982e+00 7.019047619047610453e+01
6.399999998175189830e+00 9.187012987012975884e+01
3.099999998178191163e+00 5.467099567099560176e+01
6.799999998174826032e+00 5.115151515151508477e+01
1.499999998179646354e+00 1.112640692640691213e+02
3.199999998178100213e+00 2.900822510822507070e+02
9.199999998172643245e+00 9.126406926406914977e+01
8.199999998173552740e+00 9.248917748917736503e+01
9.299999998172552296e+00 2.348787878787875911e+02
2.399999998178827809e+00 8.053679653679643025e+01
1.499999998179646354e+00 2.072956709956707527e+03
6.399999998175189830e+00 9.271861471861458881e+01
3.899999998177463567e+00 5.223376623376616124e+01
6.399999998175189830e+00 9.151515151515138768e+01
1.599999998179555405e+00 2.262987012987009905e+02
9.599999998172279447e+00 8.620346320346308744e+01
